[168.0, 318.0]
[]
[[292, 202], [607, 247], [292, 292], [607, 337], [292, 382], [337, 202], [382, 382], [427, 202], [472, 382], [517, 202], [562.5, 382.5]]
[[[292.5, 202.5], [607.5, 202.5]], [[607.5, 247.5], [292.5, 247.5]], [[292.5, 292.5], [607.5, 292.5]], [[607.5, 337.5], [292.5, 337.5]], [[292.5, 382.5], [607.5, 382.5]], [[337.5, 202.5], [337.5, 382.5]], [[382.5, 382.5], [382.5, 202.5]], [[427.5, 202.5], [427.5, 382.5]], [[472.5, 382.5], [472.5, 202.5]], [[517.5, 202.5], [517.5, 382.5]], [[562.5, 382.5], [562.5, 202.5]]]
[6.3, 6.3, 6.3, 6.3, 6.3, 3.6, 3.6, 3.6, 3.6, 3.6, 3.6]
[]
[]
[]
[]
[[660, 90], [690, 90], [660, 120], [690, 120], [150, 300], [180, 300], [150, 330], [180, 330]]
[[600, 90], [630, 90], [660, 90], [690, 90], [600, 120], [630, 120], [660, 120], [690, 120], [600, 150], [630, 150], [270, 180], [300, 180], [330, 180], [360, 180], [390, 180], [420, 180], [450, 180], [480, 180], [510, 180], [540, 180], [570, 180], [600, 180], [630, 180], [270, 210], [300, 210], [330, 210], [360, 210], [390, 210], [420, 210], [450, 210], [480, 210], [510, 210], [540, 210], [570, 210], [600, 210], [630, 210], [270, 240], [300, 240], [330, 240], [360, 240], [390, 240], [420, 240], [450, 240], [480, 240], [510, 240], [540, 240], [570, 240], [600, 240], [630, 240], [270, 270], [300, 270], [330, 270], [360, 270], [390, 270], [420, 270], [450, 270], [480, 270], [510, 270], [540, 270], [570, 270], [600, 270], [630, 270], [150, 300], [180, 300], [270, 300], [300, 300], [330, 300], [360, 300], [390, 300], [420, 300], [450, 300], [480, 300], [510, 300], [540, 300], [570, 300], [600, 300], [630, 300], [150, 330], [180, 330], [270, 330], [300, 330], [330, 330], [360, 330], [390, 330], [420, 330], [450, 330], [480, 330], [510, 330], [540, 330], [570, 330], [600, 330], [630, 330], [150, 360], [180, 360], [210, 360], [240, 360], [270, 360], [300, 360], [330, 360], [360, 360], [390, 360], [420, 360], [450, 360], [480, 360], [510, 360], [540, 360], [570, 360], [600, 360], [630, 360], [150, 390], [180, 390], [210, 390], [240, 390], [270, 390], [300, 390], [330, 390], [360, 390], [390, 390], [420, 390], [450, 390], [480, 390], [510, 390], [540, 390], [570, 390], [600, 390], [630, 390]]
[[457, 292]]
[(570, 90), (570, 120), (570, 150), (240, 180), (240, 210), (240, 240), (240, 270), (120, 300), (240, 300), (120, 330), (240, 330), (120, 360), (120, 390)]
[(720, 90), (720, 120), (660, 150), (660, 180), (660, 210), (660, 240), (660, 270), (210, 300), (660, 300), (210, 330), (660, 330), (660, 360), (660, 390)]
[(600, 60), (630, 60), (660, 60), (690, 60), (270, 150), (300, 150), (330, 150), (360, 150), (390, 150), (420, 150), (450, 150), (480, 150), (510, 150), (540, 150), (570, 150), (150, 270), (180, 270), (210, 330), (240, 330)]
[(660, 150), (690, 150), (150, 420), (180, 420), (210, 420), (240, 420), (270, 420), (300, 420), (330, 420), (360, 420), (390, 420), (420, 420), (450, 420), (480, 420), (510, 420), (540, 420), (570, 420), (600, 420), (630, 420)]
[[[300.0, 210.0], [615.0, 210.0]], [[615.0, 255.0], [300.0, 255.0]], [[300.0, 300.0], [615.0, 300.0]], [[615.0, 345.0], [300.0, 345.0]], [[300.0, 390.0], [615.0, 390.0]], [[345.0, 210.0], [345.0, 390.0]], [[390.0, 390.0], [390.0, 210.0]], [[435.0, 210.0], [435.0, 390.0]], [[480.0, 390.0], [480.0, 210.0]], [[525.0, 210.0], [525.0, 390.0]], [[570, 390], [570, 210]]]
0
[]
