[18.0, 18.0]
[]
[]
[]
[]
[]
[]
[]
[]
[[0, 0], [30, 0], [0, 30], [30, 30], [60, 30], [30, 60], [660, 210], [690, 210], [630, 240], [660, 240], [690, 240], [660, 270]]
[[0, 0], [30, 0], [0, 30], [30, 30], [60, 30], [600, 30], [630, 30], [660, 30], [30, 60], [60, 60], [90, 60], [570, 60], [600, 60], [630, 60], [660, 60], [690, 60], [60, 90], [90, 90], [120, 90], [540, 90], [570, 90], [600, 90], [660, 90], [690, 90], [720, 90], [90, 120], [120, 120], [150, 120], [510, 120], [540, 120], [570, 120], [690, 120], [720, 120], [750, 120], [120, 150], [150, 150], [180, 150], [480, 150], [510, 150], [540, 150], [720, 150], [750, 150], [780, 150], [150, 180], [180, 180], [210, 180], [450, 180], [480, 180], [510, 180], [750, 180], [780, 180], [810, 180], [180, 210], [210, 210], [240, 210], [420, 210], [450, 210], [480, 210], [660, 210], [690, 210], [780, 210], [810, 210], [840, 210], [210, 240], [240, 240], [270, 240], [420, 240], [450, 240], [630, 240], [660, 240], [690, 240], [810, 240], [840, 240], [240, 270], [270, 270], [300, 270], [420, 270], [450, 270], [480, 270], [600, 270], [630, 270], [660, 270], [780, 270], [810, 270], [840, 270], [270, 300], [300, 300], [330, 300], [450, 300], [480, 300], [510, 300], [570, 300], [600, 300], [630, 300], [750, 300], [780, 300], [810, 300], [300, 330], [330, 330], [360, 330], [480, 330], [510, 330], [540, 330], [570, 330], [600, 330], [720, 330], [750, 330], [780, 330], [330, 360], [360, 360], [390, 360], [510, 360], [540, 360], [570, 360], [690, 360], [720, 360], [750, 360], [360, 390], [390, 390], [420, 390], [660, 390], [690, 390], [720, 390], [390, 420], [420, 420], [450, 420], [630, 420], [660, 420], [690, 420], [420, 450], [450, 450], [480, 450], [600, 450], [630, 450], [660, 450], [450, 480], [480, 480], [510, 480], [570, 480], [600, 480], [630, 480], [480, 510], [510, 510], [540, 510], [570, 510], [600, 510], [510, 540], [540, 540], [570, 540]]
[[97, 67], [127, 157], [217, 187], [247, 277], [337, 307], [367, 397], [457, 427], [487, 517], [607, 517], [637, 427], [727, 397], [757, 307], [847, 277], [847, 217], [727, 97], [757, 187], [547, 97], [637, 37], [517, 187], [427, 247], [547, 367], [637, 277]]
[(-30, 0), (-30, 30), (570, 30), (0, 60), (540, 60), (30, 90), (510, 90), (630, 90), (60, 120), (480, 120), (660, 120), (90, 150), (450, 150), (690, 150), (120, 180), (420, 180), (720, 180), (150, 210), (390, 210), (630, 210), (750, 210), (180, 240), (390, 240), (600, 240), (780, 240), (210, 270), (390, 270), (570, 270), (750, 270), (240, 300), (420, 300), (540, 300), (720, 300), (270, 330), (450, 330), (690, 330), (300, 360), (480, 360), (660, 360), (330, 390), (630, 390), (360, 420), (600, 420), (390, 450), (570, 450), (420, 480), (540, 480), (450, 510), (480, 540), (-30, 0), (-30, 30), (570, 30), (0, 60), (540, 60), (30, 90), (510, 90), (630, 90), (60, 120), (480, 120), (660, 120), (90, 150), (450, 150), (690, 150), (120, 180), (420, 180), (720, 180), (150, 210), (390, 210), (630, 210), (750, 210), (180, 240), (390, 240), (600, 240), (780, 240), (210, 270), (390, 270), (570, 270), (750, 270), (240, 300), (420, 300), (540, 300), (720, 300), (270, 330), (450, 330), (690, 330), (300, 360), (480, 360), (660, 360), (330, 390), (630, 390), (360, 420), (600, 420), (390, 450), (570, 450), (420, 480), (540, 480), (450, 510), (480, 540)]
[(60, 0), (90, 30), (690, 30), (120, 60), (720, 60), (150, 90), (630, 90), (750, 90), (180, 120), (600, 120), (780, 120), (210, 150), (570, 150), (810, 150), (240, 180), (540, 180), (840, 180), (270, 210), (510, 210), (720, 210), (870, 210), (300, 240), (480, 240), (720, 240), (870, 240), (330, 270), (510, 270), (690, 270), (870, 270), (360, 300), (540, 300), (660, 300), (840, 300), (390, 330), (630, 330), (810, 330), (420, 360), (600, 360), (780, 360), (450, 390), (750, 390), (480, 420), (720, 420), (510, 450), (690, 450), (540, 480), (660, 480), (630, 510), (600, 540), (60, 0), (90, 30), (690, 30), (120, 60), (720, 60), (150, 90), (630, 90), (750, 90), (180, 120), (600, 120), (780, 120), (210, 150), (570, 150), (810, 150), (240, 180), (540, 180), (840, 180), (270, 210), (510, 210), (720, 210), (870, 210), (300, 240), (480, 240), (720, 240), (870, 240), (330, 270), (510, 270), (690, 270), (870, 270), (360, 300), (540, 300), (660, 300), (840, 300), (390, 330), (630, 330), (810, 330), (420, 360), (600, 360), (780, 360), (450, 390), (750, 390), (480, 420), (720, 420), (510, 450), (690, 450), (540, 480), (660, 480), (630, 510), (600, 540)]
[(0, -30), (30, -30), (60, 0), (600, 0), (630, 0), (660, 0), (90, 30), (570, 30), (690, 30), (120, 60), (540, 60), (720, 60), (150, 90), (510, 90), (750, 90), (180, 120), (480, 120), (780, 120), (210, 150), (450, 150), (810, 150), (240, 180), (420, 180), (660, 180), (690, 180), (840, 180), (270, 210), (630, 210), (300, 240), (480, 240), (600, 240), (780, 240), (330, 270), (510, 270), (570, 270), (750, 270), (360, 300), (540, 300), (720, 300), (390, 330), (690, 330), (420, 360), (660, 360), (450, 390), (630, 390), (480, 420), (600, 420), (510, 450), (570, 450), (540, 480), (0, -30), (30, -30), (60, 0), (600, 0), (630, 0), (660, 0), (90, 30), (570, 30), (690, 30), (120, 60), (540, 60), (720, 60), (150, 90), (510, 90), (750, 90), (180, 120), (480, 120), (780, 120), (210, 150), (450, 150), (810, 150), (240, 180), (420, 180), (660, 180), (690, 180), (840, 180), (270, 210), (630, 210), (300, 240), (480, 240), (600, 240), (780, 240), (330, 270), (510, 270), (570, 270), (750, 270), (360, 300), (540, 300), (720, 300), (390, 330), (690, 330), (420, 360), (660, 360), (450, 390), (630, 390), (480, 420), (600, 420), (510, 450), (570, 450), (540, 480)]
[(0, 60), (30, 90), (630, 90), (60, 120), (600, 120), (660, 120), (90, 150), (570, 150), (690, 150), (120, 180), (540, 180), (720, 180), (150, 210), (510, 210), (750, 210), (180, 240), (480, 240), (780, 240), (210, 270), (690, 270), (240, 300), (420, 300), (660, 300), (840, 300), (270, 330), (450, 330), (630, 330), (810, 330), (300, 360), (480, 360), (600, 360), (780, 360), (330, 390), (510, 390), (540, 390), (570, 390), (750, 390), (360, 420), (720, 420), (390, 450), (690, 450), (420, 480), (660, 480), (450, 510), (630, 510), (480, 540), (600, 540), (510, 570), (540, 570), (570, 570), (0, 60), (30, 90), (630, 90), (60, 120), (600, 120), (660, 120), (90, 150), (570, 150), (690, 150), (120, 180), (540, 180), (720, 180), (150, 210), (510, 210), (750, 210), (180, 240), (480, 240), (780, 240), (210, 270), (690, 270), (240, 300), (420, 300), (660, 300), (840, 300), (270, 330), (450, 330), (630, 330), (810, 330), (300, 360), (480, 360), (600, 360), (780, 360), (330, 390), (510, 390), (540, 390), (570, 390), (750, 390), (360, 420), (720, 420), (390, 450), (690, 450), (420, 480), (660, 480), (450, 510), (630, 510), (480, 540), (600, 540), (510, 570), (540, 570), (570, 570)]
[]
0
[]
