[183.0, 243.0]
[]
[[442, 172], [442, 337], [337.5, 457.5], [337.5, 37.5], [607.5, 307.5]]
[[[442.5, 172.5], [532.5, 247.5], [442.5, 337.5]], [[442.5, 337.5], [532.5, 247.5], [442.5, 172.5]], [[337.5, 457.5], [337.5, 37.5]], [[337.5, 37.5], [337.5, 472.5]], [[607.5, 307.5], [607.5, 187.5]]]
[7.029224708315989, 7.029224708315989, 8.4, 8.7, 2.4]
[[480, 195], [480, 315]]
[60.0, 60.0]
[3.141592653589793, 3.141592653589793]
[2.4, 2.4]
[[150, 150], [180, 150], [210, 150], [150, 180], [180, 180], [210, 180], [150, 210], [180, 210], [210, 210], [240, 210], [660, 210], [690, 210], [720, 210], [750, 210], [150, 240], [180, 240], [210, 240], [240, 240], [660, 240], [690, 240], [720, 240], [750, 240], [150, 270], [180, 270], [210, 270], [240, 270], [660, 270], [690, 270], [720, 270], [750, 270], [150, 300], [180, 300], [210, 300], [150, 330], [180, 330], [210, 330]]
[[330, 30], [330, 60], [330, 90], [330, 120], [420, 120], [450, 120], [480, 120], [510, 120], [150, 150], [180, 150], [210, 150], [300, 150], [330, 150], [360, 150], [390, 150], [420, 150], [450, 150], [480, 150], [510, 150], [150, 180], [180, 180], [210, 180], [300, 180], [330, 180], [360, 180], [390, 180], [420, 180], [450, 180], [480, 180], [510, 180], [600, 180], [150, 210], [180, 210], [210, 210], [240, 210], [300, 210], [330, 210], [360, 210], [420, 210], [450, 210], [480, 210], [510, 210], [540, 210], [570, 210], [600, 210], [630, 210], [660, 210], [690, 210], [720, 210], [750, 210], [150, 240], [180, 240], [210, 240], [240, 240], [270, 240], [300, 240], [330, 240], [360, 240], [420, 240], [450, 240], [480, 240], [510, 240], [540, 240], [570, 240], [600, 240], [630, 240], [660, 240], [690, 240], [720, 240], [750, 240], [150, 270], [180, 270], [210, 270], [240, 270], [300, 270], [330, 270], [360, 270], [420, 270], [450, 270], [480, 270], [510, 270], [540, 270], [570, 270], [600, 270], [630, 270], [660, 270], [690, 270], [720, 270], [750, 270], [150, 300], [180, 300], [210, 300], [300, 300], [330, 300], [360, 300], [390, 300], [420, 300], [450, 300], [480, 300], [510, 300], [600, 300], [150, 330], [180, 330], [210, 330], [300, 330], [330, 330], [360, 330], [390, 330], [420, 330], [450, 330], [480, 330], [510, 330], [330, 360], [420, 360], [450, 360], [480, 360], [510, 360], [330, 390], [330, 420], [330, 450]]
[[337, 322], [337, 187], [532, 247], [607, 187], [607, 307]]
[(300, 30), (300, 60), (300, 90), (300, 120), (390, 120), (120, 150), (270, 150), (120, 180), (270, 180), (570, 180), (120, 210), (270, 210), (390, 210), (120, 240), (390, 240), (120, 270), (270, 270), (390, 270), (120, 300), (270, 300), (570, 300), (120, 330), (270, 330), (300, 360), (390, 360), (300, 390), (300, 420), (300, 450)]
[(360, 30), (360, 60), (360, 90), (360, 120), (540, 120), (240, 150), (540, 150), (240, 180), (540, 180), (630, 180), (270, 210), (390, 210), (780, 210), (390, 240), (780, 240), (270, 270), (390, 270), (780, 270), (240, 300), (540, 300), (630, 300), (240, 330), (540, 330), (360, 360), (540, 360), (360, 390), (360, 420), (360, 450)]
[(330, 0), (420, 90), (450, 90), (480, 90), (510, 90), (150, 120), (180, 120), (210, 120), (300, 120), (360, 120), (390, 120), (600, 150), (240, 180), (540, 180), (570, 180), (630, 180), (660, 180), (690, 180), (720, 180), (750, 180), (270, 210), (390, 270)]
[(390, 210), (270, 270), (240, 300), (540, 300), (570, 300), (630, 300), (660, 300), (690, 300), (720, 300), (750, 300), (600, 330), (150, 360), (180, 360), (210, 360), (300, 360), (360, 360), (390, 360), (420, 390), (450, 390), (480, 390), (510, 390), (330, 480)]
[[[450.0, 180.0], [540.0, 255.0], [450.0, 345.0]], [[450.0, 345.0], [540.0, 255.0], [450.0, 180.0]], [[345, 465], [345, 45]], [[345, 45], [345, 480]], [[615, 315], [615, 195]]]
2
[[[480.0, 195.0], [60.0]], [[480.0, 315.0], [60.0]]]
