[109.0, 229.0]
[]
[[158, 98], [203, 368], [248, 98], [293, 368], [338, 98], [457, 172], [667, 217], [457, 262], [667, 307]]
[[[158.0, 98.0], [158.0, 368.0]], [[203.0, 368.0], [203.0, 98.0]], [[248.0, 98.0], [248.0, 368.0]], [[293.0, 368.0], [293.0, 98.0]], [[338.0, 98.0], [338.0, 368.0]], [[457.5, 172.5], [667.5, 172.5]], [[667.5, 217.5], [457.5, 217.5]], [[457.5, 262.5], [667.5, 262.5]], [[667.5, 307.5], [457.5, 307.5]]]
[10.8, 10.8, 10.8, 10.8, 10.8, 8.4, 8.4, 8.4, 8.4]
[[405, 240], [405, 240]]
[135.0, 135.0]
[0.0, 3.141592653589793]
[5.4, 5.4]
[[90, 180], [120, 180], [690, 180], [720, 180], [90, 210], [120, 210], [690, 210], [720, 210], [90, 240], [120, 240], [690, 240], [720, 240], [90, 270], [120, 270], [690, 270], [720, 270]]
[[150, 90], [180, 90], [210, 90], [240, 90], [270, 90], [300, 90], [330, 90], [360, 90], [390, 90], [420, 90], [450, 90], [480, 90], [510, 90], [540, 90], [570, 90], [600, 90], [630, 90], [660, 90], [150, 120], [180, 120], [210, 120], [240, 120], [270, 120], [300, 120], [330, 120], [360, 120], [390, 120], [420, 120], [450, 120], [480, 120], [510, 120], [540, 120], [570, 120], [600, 120], [630, 120], [660, 120], [150, 150], [180, 150], [210, 150], [240, 150], [270, 150], [300, 150], [330, 150], [450, 150], [480, 150], [510, 150], [540, 150], [570, 150], [600, 150], [630, 150], [660, 150], [90, 180], [120, 180], [150, 180], [180, 180], [210, 180], [240, 180], [270, 180], [300, 180], [330, 180], [450, 180], [480, 180], [510, 180], [540, 180], [570, 180], [600, 180], [630, 180], [660, 180], [690, 180], [720, 180], [90, 210], [120, 210], [150, 210], [180, 210], [210, 210], [240, 210], [270, 210], [300, 210], [330, 210], [450, 210], [480, 210], [510, 210], [540, 210], [570, 210], [600, 210], [630, 210], [660, 210], [690, 210], [720, 210], [90, 240], [120, 240], [150, 240], [180, 240], [210, 240], [240, 240], [270, 240], [300, 240], [330, 240], [450, 240], [480, 240], [510, 240], [540, 240], [570, 240], [600, 240], [630, 240], [660, 240], [690, 240], [720, 240], [90, 270], [120, 270], [150, 270], [180, 270], [210, 270], [240, 270], [270, 270], [300, 270], [330, 270], [450, 270], [480, 270], [510, 270], [540, 270], [570, 270], [600, 270], [630, 270], [660, 270], [690, 270], [720, 270], [150, 300], [180, 300], [210, 300], [240, 300], [270, 300], [300, 300], [330, 300], [450, 300], [480, 300], [510, 300], [540, 300], [570, 300], [600, 300], [630, 300], [660, 300], [150, 330], [180, 330], [210, 330], [240, 330], [270, 330], [300, 330], [330, 330], [360, 330], [390, 330], [420, 330], [450, 330], [480, 330], [510, 330], [540, 330], [570, 330], [600, 330], [630, 330], [660, 330], [150, 360], [180, 360], [210, 360], [240, 360], [270, 360], [300, 360], [330, 360], [360, 360], [390, 360], [420, 360], [450, 360], [480, 360], [510, 360], [540, 360], [570, 360], [600, 360], [630, 360], [660, 360]]
[[397, 97], [397, 367]]
[(120, 90), (120, 120), (120, 150), (420, 150), (60, 180), (420, 180), (60, 210), (420, 210), (60, 240), (420, 240), (60, 270), (420, 270), (120, 300), (420, 300), (120, 330), (120, 360)]
[(690, 90), (690, 120), (360, 150), (690, 150), (360, 180), (750, 180), (360, 210), (750, 210), (360, 240), (750, 240), (360, 270), (750, 270), (360, 300), (690, 300), (690, 330), (690, 360)]
[(150, 60), (180, 60), (210, 60), (240, 60), (270, 60), (300, 60), (330, 60), (360, 60), (390, 60), (420, 60), (450, 60), (480, 60), (510, 60), (540, 60), (570, 60), (600, 60), (630, 60), (660, 60), (90, 150), (120, 150), (690, 150), (720, 150), (360, 300), (390, 300), (420, 300)]
[(360, 150), (390, 150), (420, 150), (90, 300), (120, 300), (690, 300), (720, 300), (150, 390), (180, 390), (210, 390), (240, 390), (270, 390), (300, 390), (330, 390), (360, 390), (390, 390), (420, 390), (450, 390), (480, 390), (510, 390), (540, 390), (570, 390), (600, 390), (630, 390), (660, 390)]
[[[165.0, 105.0], [165.0, 375.0]], [[210.0, 375.0], [210.0, 105.0]], [[255.0, 105.0], [255.0, 375.0]], [[300.0, 375.0], [300.0, 105.0]], [[345.0, 105.0], [345.0, 375.0]], [[465.0, 180.0], [675.0, 180.0]], [[675.0, 225.0], [465.0, 225.0]], [[465.0, 270.0], [675.0, 270.0]], [[675.0, 315.0], [465.0, 315.0]]]
2
[[[405, 240], [135.0]], [[405, 240], [135.0]]]
